2108
-4726
-1949
293
2322
3037
-5190
4287
-3951
7391
2061
6902
-466
-5223
-1118
-4033
2303
-1252
1941
6288
4152
-6141
-3211
-3571
-228
-6262
-4552
4656
-5164
6635
1135
-7225
-2308
-8532
-1354
-877
-9099
-3546
9413
-1380
-4035
-5569
6685
5428
9232
5604
8479
-2616
8458
-8719
4492
1598
6134
1982
-8134
-9869
-7684
-9670
4143
-9481
-7658
4057
-3178
5299
-860
-4642
-4180
8123
-5915
1967
-1088
7226
-3552
3203
-2183
-8606
3661
-3767
801
620
-3213
-8802
-211
-7135
6363
2841
-6032
-7098
-7141
-2200
-8808
-3998
-846
-9274
2120
3837
-9653
-5821
5831
-9317
-740
-8722
-662
8099
8140
7676
-5453
-16
-7376
-1243
-9041
6463
-4702
537
-930
-8788
7834
2984
-8763
-2249
5545
4478
-3480
447
4232
1254
2019
-5718
9265
5687
-1606
-3197
5661
5430
-7182
-1386
-100
-3402
-1077
-4968
4522
5258
-8841
546
-3846
5245
-7443
2848
-8079
4289
-4486
-1729
-2707
4622
-3385
-2147
-4500
2383
-744
388
9862
6121
-5801
-77
6711
1409
4602
5156
3773
-3058
-4566
8112
8424
-2492
-6866
6385
2949
-510
-5230
-5745
126
4484
8163
-3255
-2862
-7668
-4847
-6742
-8645
-1002
3972
2447
-613
-38
-6543
9061
-4074
-8882
7477
1650
8553
911
4174
-9281
-3418
-4939
747
-7731
-8930
1642
-4423
-843
-9707
3519
-3557
6188
1440
-4184
4880
3218
-7740
-4457
2274
-2120
3167
2617
-5700
1544
-720
-2189
-7276
-4163
-4499
-5749
5717
3731
-9642
6037
1593
-6871
-3761
-1973
2951
-1171
-8455
3502
-8303
7263
-7253
1041
3232
-2135
9087
-6570
-4730
-3748
-6433
-6766
-4272
5475
3947
2955
5491
2634
9337
-3687
-9844
2755
9960
4296
8095
9601
-2663
2063
-5354
-4059
7468
-929
8869
9426
-2598
260
441
8927
-6419
9144
8818
-8096
5678
-9195
1965
2657
6930
-8485
-4296
-7964
-5713
8600
9090
-2752
-5188
-1234
-4397
-3078
-3683
9811
-2076
1495
-2836
9251
8574
-556
-7519
5575
-5953
-1833
-3903
-5717
7011
-5632
9460
5342
-7308
-370
7899
8116
-3395
-7900
-9800
-9002
7005
6842
-1282
-8112
-821
-9647
-4537
7136
-5737
-4452
296
-3528
-106
-8974
3476
-2259
-6880
8233
-1677
7960
6614
7589
-2269
-107
116
-7558
2380
-4173
-6068
-120
8785
-4791
-4979
-5136
5829
7648
-3189
-3869
-7441
3597
8284
-5023
7057
-4295
3169
584
-6677
9724
-8107
1056
9273
-5650
9416
9423
6590
-6341
5124
5322
2710
6550
1925
8306
-2671
4838
-5450
9919
9181
9503
-5447
-9479
-5043
-8818
-6067
-4586
-7200
1199
5173
-3297
8186
109
-9968
8638
8343
2222
9775
-2082
-1507
-4610
-6466
6269
-6395
213
2589
-7758
-5189
1366
8649
9545
-845
-4989
-1222
-5764
-7905
5761
-6820
-9979
7383
-5493
1859
-9497
4956
-6887
-7313
-7424
1363
7336
2760
-6956
8641
-7111
1769
8024
-5918
-3909
5532
-2576
4299
4213
-9933
9003
5065
-5966
1323
-7874
-1227
-1503
-1408
-124
1327
-7870
1617
-2329
-1702
-8757
-3785
5925
-3587
-6117
2023
2688
9080
-7547
-4260
-7459
3763
3394
9925
-1438
-146
-5793
5291
4553
204
6580
-6072
-648
-4174
4686
-2379
7176
2998
7615
-2561
1753
-6845
-472
-9032
7862
5570
714
-9125
4414
7
7267
7223
7171
-6600
-3047
754
-4758
1624
7154
2067
3860
-8699
5144
1866
-1524
4268
-7193
-481
-3196
-6542
194
-8846
438
-7610
4907
215
6729
-2636
-2779
-1424
-4189
-9796
4565
9944
1688
-557
-7540
-7553
7158
-7817
675
7514
6781
5094
-4191
-6750
-1160
6411
9678
61
-8215
1287
719
2135
-2011
2890
5705
-7583
4346
-2154
9833
-755
-3400
9787
-4535
-1210
5581
2815
-6612
-8890
-7061
-4712
6391
9085
-8784
-1165
8391
-9516
-9402
1668
8539
-1057
-645
-9021
-5387
-8312
972
-9142
-8422
-2894
9783
-3633
-7152
-985
748
8749
-9410
4186
-5928
-8254
-6839
3448
4113
-1971
-2045
-9640
1463
-8267
-5414
5960
-7582
408
-3969
8017
6187
1399
-8409
6329
5417
4992
-1315
7175
-4675
-2100
3641
-9495
-7041
-9003
-2544
2981
3247
6085
6137
-9024
-4808
9447
5546
5451
2766
-5
5344
2403
-1585
-1921
-2017
-1890
-7496
-63
-8155
9021
3471
-4094
-1307
7430
5537
-1784
-9315
-451
5225
-8396
9384
5798
1453
7161
7634
4710
859
4655
5711
-722
-6041
-2558
-1794
5793
-8545
-9579
-8551
-9223
4939
8725
-313
707
684
1192
5686
-4232
-3036
2250
-2258
-9077
-83
4683
-3604
-3092
-9340
-3274
2701
-6210
970
-1026
-8617
-8844
-5866
7935
6479
6543
-3812
7918
-7525
-8921
6080
-4518
4791
-2002
3092
4178
8167
-6495
6664
-1010
-2296
-1462
-7399
-6665
-3602
5371
8592
512
3072
-2070
1644
-9308
-5800
-8326
1255
-770
-3076
-4508
7193
1824
-4687
2631
-52
7658
-9649
-7667
1217
-5468
-6538
8956
-9048
-5781
-7283
5598
-7203
4029
-8945
-8476
7472
2298
-9708
-9165
5487
-655
-734
2429
-1577
-9517
1412
9308
4079
956
-8365
-6224
-8587
-2845
6709
-6679
9001
1132
4396
-7320
2180
8026
-9955
1149
6994
-1995
-7079
-5379
-3701
2396
3528
-5242
-4525
6728
-683
-7245
9654
-8581
874
-2389
7666
-9618
-4276
7796
7470
-8692
-2660
-8192
-5992
-235
4426
3334
3237
-2113
-8567
-9358
7271
-2129
9821
181
9502
-7016
6813
-1049
-1053
-3741
8175
2268
-1900
8532
-316
3583
8410
-2929
288
-9598
5270
249
3387
-4208
1532
-1097
-6235
-3094
-4988
-3294
5443
-2085
3647
2217
7003
-6599
-3370
-756
-1298
-8953
-1904
176
-8481
9367
471
4
-658
-8105
7182
-5101
4425
-8704
9908
2838
-1466
8436
-8457
-7106
-1802
-1208
-8905
-8968
-9139
-8702
-9603
3432
6276
200
3958
4748
2590
-8052
-2052
-1497
-1147
-906
9068
-4522
1904
8429
-7037
-7471
7438
-2311
616
8570
-8387
-6034
-450
8924
7618
-3866
5500
-128
-7766
4078
2333
7923
197
-7216
4314
-1019
7637
7108
4473
-7853
6092
3847
-7836
5279
1962
6482
-3891
3678
3648
-1185
1251
-6550
8076
5499
-477
9728
-6946
4993
3804
-6821
1781
3511
4357
-3204
7047
-6813
-1967
-5758
3594
3574
3313
3112
-3103
5521
-121
3036
529
2446
-8190
2161
948
-4944
58
-8189
-1
3640
-9477
5133
-4218
-6817
1953
5221
8058
2204
-1149
887
-7149
9474
-33
-959
7069
-3292
-8183